99.783718
100.062666
99.426764
100.594582
100.163646
99.906646
99.705842
99.931802
100.533384
99.952176
100.147205
100.357162
99.654112
100.627001
99.279518
99.800057
100.407811
100.645125
100.595419
99.990105
99.197957
99.471764
99.597455
100.109660
98.914663
99.494683
100.253870
100.295641
100.190169
99.990245
100.000022
100.547502
100.214092
100.365479
100.020157
100.284450
99.811266
99.262433
100.059222
100.721754
100.311617
100.470445
100.106018
99.496118
100.541147
100.194940
99.682267
100.221827
100.390591
99.589143
99.406111
100.493169
100.163684
100.010733
99.526427
99.407057
100.736240
99.391341
99.435828
99.869449
100.064322
99.416090
99.868780
99.340282
100.005622
100.402864
99.505120
100.144751
100.569014
99.354032
99.834701
100.248885
99.726762
99.876832
99.572901
99.940065
100.242648
99.925166
99.960335
99.696759
100.234692
100.017940
100.267699
99.898155
100.066280
100.509206
99.960669
99.487723
100.144404
100.027901
99.767513
100.364141
99.321351
100.518917
99.309367
100.776621
100.978692
100.932265
99.430110
100.595122
