99.833442
100.028768
100.119092
99.996237
100.017464
100.072579
100.218319
100.011393
100.005928
99.916765
99.866382
100.162356
100.085800
99.840627
100.057115
100.069000
100.071191
100.066860
99.879754
99.984328
100.025730
100.141514
100.052874
99.907810
99.994081
100.061446
100.169243
99.935640
99.899088
99.995178
99.968214
99.812601
100.089564
100.057786
100.067709
99.974435
99.970411
99.976600
100.031481
99.964903
100.079905
99.900791
100.023788
99.925796
99.986850
100.008799
99.944043
99.905010
100.056896
99.973439
99.779768
99.948136
100.023406
99.899606
99.962557
99.894410
100.005574
99.995877
99.865072
100.095347
100.065647
99.953939
99.878685
100.093122
99.935485
100.023163
100.133959
100.147892
99.931586
99.992707
99.915637
100.148849
99.915324
100.066302
99.879869
99.993471
99.940451
99.956525
100.153515
99.865264
99.909643
99.937247
100.055288
99.794568
100.159294
99.841960
99.931834
99.876565
99.957070
99.963213
100.037096
100.211216
99.897739
99.961020
100.031554
100.070789
100.050454
99.966019
99.978888
99.888379
