99.825155
100.033611
100.032551
100.062720
100.032082
100.057494
100.175613
100.005271
100.043603
99.919126
99.883933
100.173815
100.061817
99.882015
100.018235
100.056193
100.086492
100.092002
99.909573
99.984559
99.993893
100.116708
100.036609
99.914770
99.958100
100.043163
100.171888
99.946549
99.907649
99.995037
99.969098
99.832463
100.092841
100.065676
100.066520
99.981996
99.966622
99.959991
100.032111
99.981722
100.084942
99.912911
100.025501
99.917027
99.997936
100.012449
99.939009
99.910988
100.063076
99.966452
99.773096
99.957698
100.025825
99.901490
99.955288
99.886421
100.017359
99.986281
99.858365
100.091872
100.065627
99.945911
99.878539
100.082211
99.936487
100.028511
100.125225
100.147849
99.940200
99.984191
99.914572
100.150148
99.912907
100.063904
99.876032
99.992812
99.944136
99.956147
100.151215
99.863282
99.913423
99.938175
100.057702
99.795732
100.158261
99.849292
99.932147
99.872384
99.959063
99.963894
100.034288
100.212793
99.891857
99.966655
100.024332
100.077777
100.059554
99.975400
99.973611
99.895110
